from_m_method=false
m_begin=0.1
m_end=0.25
m_step=0.000001
begin=8.6
end=8.65
step=0.000001